<template>
  <div style="height: 90vh;width: 100%">
    <div id='myHeatmap1' style="height: inherit"></div>
  </div>
</template>

<script>
import Plotly from 'plotly.js/dist/plotly';
export default {
  name: "PredictionHeatmapRoad",
  data: () => ({
  }),
  mounted() {
    this.drawHeatmap()
  },
  methods: {
    drawHeatmap() {
      // plotly code comes later here
      var data = [
        {
          z: [[ 1.00000000e+00,  5.44443995e-03,  1.17756617e-01,
            3.29746128e-03, -2.64126926e-02,  1.30962442e-02,
            3.43715141e-02,  4.27904921e-04,  1.24395151e-01,
            2.71373235e-02,  1.06240673e-02,  9.05549119e-02,
            -3.93971520e-03],
            [ 5.44443995e-03,  1.00000000e+00,  1.32888827e-02,
              -1.75639361e-04, -1.79220882e-03,  2.60969055e-03,
              6.45081014e-03, -1.24571379e-04,  6.02658146e-03,
              1.94017857e-02,  7.72161654e-01, -3.71353538e-03,
              -3.73907718e-03],
            [ 1.17756617e-01,  1.32888827e-02,  1.00000000e+00,
              5.35067561e-02, -8.02140738e-02,  4.20846695e-02,
              2.07132181e-01, -7.63884847e-04,  1.44654532e-01,
              8.68780620e-02,  2.60873649e-02,  4.22232110e-01,
              -3.53823853e-02],
            [ 3.29746128e-03, -1.75639361e-04,  5.35067561e-02,
              1.00000000e+00, -7.00682569e-03,  4.17630597e-03,
              3.98097940e-03,  2.94462230e-03, -2.16298125e-03,
              4.76914840e-02,  2.53408533e-04,  5.69943920e-02,
              8.14113836e-03],
            [-2.64126926e-02, -1.79220882e-03, -8.02140738e-02,
              -7.00682569e-03,  1.00000000e+00, -3.86968897e-03,
              -1.04355378e-02,  1.20833586e-02, -4.44547105e-02,
              -3.49772372e-02, -2.26228738e-03, -9.61419014e-02,
              4.59282189e-02],
            [ 1.30962442e-02,  2.60969055e-03,  4.20846695e-02,
              4.17630597e-03, -3.86968897e-03,  1.00000000e+00,
              2.73635054e-03, -2.55615062e-04,  1.51986756e-02,
              1.18015387e-02,  1.63057435e-03,  2.33757631e-02,
              -2.35898328e-03],
            [ 3.43715141e-02,  6.45081014e-03,  2.07132181e-01,
              3.98097940e-03, -1.04355378e-02,  2.73635054e-03,
              1.00000000e+00, -5.88726209e-04,  1.09352959e-01,
              7.89266744e-03,  5.06359631e-03,  5.37268289e-02,
              -1.74701911e-03],
            [ 4.27904921e-04, -1.24571379e-04, -7.63884847e-04,
              2.94462230e-03,  1.20833586e-02, -2.55615062e-04,
              -5.88726209e-04,  1.00000000e+00,  3.71238340e-04,
              6.41156502e-03,  2.01856724e-03, -2.10822298e-03,
              -7.72847931e-04],
            [ 1.24395151e-01,  6.02658146e-03,  1.44654532e-01,
              -2.16298125e-03, -4.44547105e-02,  1.51986756e-02,
              1.09352959e-01,  3.71238340e-04,  1.00000000e+00,
              2.72948559e-02,  9.76775823e-03,  1.12592530e-01,
              -1.80170352e-02],
            [ 2.71373235e-02,  1.94017857e-02,  8.68780620e-02,
              4.76914840e-02, -3.49772372e-02,  1.18015387e-02,
              7.89266744e-03,  6.41156502e-03,  2.72948559e-02,
              1.00000000e+00,  1.73492815e-02, -2.82580703e-02,
              -2.53573037e-03],
            [ 1.06240673e-02,  7.72161654e-01,  2.60873649e-02,
              2.53408533e-04, -2.26228738e-03,  1.63057435e-03,
              5.06359631e-03,  2.01856724e-03,  9.76775823e-03,
              1.73492815e-02,  1.00000000e+00,  8.64587398e-03,
              -3.00948083e-03],
            [ 9.05549119e-02, -3.71353538e-03,  4.22232110e-01,
              5.69943920e-02, -9.61419014e-02,  2.33757631e-02,
              5.37268289e-02, -2.10822298e-03,  1.12592530e-01,
              -2.82580703e-02,  8.64587398e-03,  1.00000000e+00,
              -1.27983195e-02],
            [-3.93971520e-03, -3.73907718e-03, -3.53823853e-02,
              8.14113836e-03,  4.59282189e-02, -2.35898328e-03,
              -1.74701911e-03, -7.72847931e-04, -1.80170352e-02,
              -2.53573037e-03, -3.00948083e-03, -1.27983195e-02,
              1.00000000e+00]],
          x: ['Amenity', 'Bump', 'Crossing',
            'Give_Way', 'Junction', 'No_Exit', 'Railway', 'Roundabout', 'Station',
            'Stop', 'Traffic_Calming', 'Traffic_Signal','Severity'],
          y: ['Amenity', 'Bump', 'Crossing',
            'Give_Way', 'Junction', 'No_Exit', 'Railway', 'Roundabout', 'Station',
            'Stop', 'Traffic_Calming', 'Traffic_Signal','Severity'],
          type: 'heatmap'
        }
      ];
      Plotly.newPlot('myHeatmap1', data);

    }
  }
}
</script>

<style scoped>

</style>